0 0.090156 0.658661 0.019777 0.020982
0 0.028415 0.539554 0.024688 0.027143
0 0.184621 0.669799 0.018527 0.023438
0 0.177812 0.701272 0.017321 0.019777
0 0.185223 0.766696 0.019732 0.029643
0 0.164866 0.814844 0.020982 0.024688
0 0.127210 0.838906 0.024688 0.018527
0 0.158683 0.930893 0.023438 0.027143
0 0.176585 0.958683 0.019777 0.023438
0 0.208058 0.785201 0.021027 0.024688
0 0.225960 0.777813 0.014777 0.019732
0 0.251897 0.807455 0.024688 0.034554
0 0.290781 0.846942 0.025938 0.032098
0 0.274732 0.876585 0.023482 0.024688
0 0.311763 0.785201 0.023438 0.032098
0 0.161763 0.867924 0.017277 0.024688
0 0.167321 0.896339 0.023482 0.019732
